1469
4990
6591
10358
17738
21226
32787
33128
37480
38139
40812
49518
50083
51675
54940
54952
55226
58022
70327
80560
81860
86683
86753
107479
111119
111346
147598
148050
158673
170751
172603
173952
175946
180302
181581
188140
203377
212442
219448
220054
236988
237093
238000
238164
239128
245454
246494
250760
256493
256974
257478
263297
263880
264752
267230
268704
270517
276397
278503
283059
287843
287876
288163
295897
298185
301211
305778
309408
312544
315793
317152
318423
319224
320355
321723
323036
328929
330128
331517
337654
340029
342689
343269
344494
349387
349732
354367
355777
364790
365786
371323
373233
373648
373749
374943
377284
377552
377578
377590
378869
380120
381172
381430
383989
385563
388067
390800
391653
408159
411469
420604
422771
422898
441966
444696
461217
463318
464330
477773
479939
488448
506562
532287
541892
549616
570020
570878
585397
592972
596820
620482
669052
683432
871351
897596
903802
907020
915775
